.Random.seed <-
c(403L, 620L, 18933888L, 1529441513L, 158048867L, -2015340740L, 
-2034671238L, 441492732L, 1811472967L, 347405516L, 265072195L, 
247203532L, 1591149847L, -886759182L, -15380394L, -1411251275L, 
-536175807L, 710987887L, 634943100L, -547241551L, -1351475917L, 
1175374355L, -46166958L, 1045447467L, -753659855L, 1014060811L, 
1921355788L, 996249287L, -1089933248L, 147772377L, 501153232L, 
1562938650L, 240007120L, 1642014886L, -1822590573L, 1180952975L, 
-1325909597L, -966866686L, -1565077457L, 1984484293L, -2037706414L, 
-1828475953L, 56394363L, 2101077916L, -1645971627L, -852478724L, 
17125411L, -694433911L, -579067025L, 1875489214L, -2080125351L, 
-471317832L, 2044732639L, 1825076260L, 1906677183L, 1940962395L, 
1406703009L, 1289398460L, 1021460193L, -1533451177L, -1323982000L, 
1585847710L, -687719539L, -792515103L, 1758184902L, -1000307489L, 
-1028126515L, -2119451227L, 1992471307L, -718902615L, -572943259L, 
-604279856L, 1278062586L, 1959038631L, -1523086476L, 2143167710L, 
-1625751107L, 500502049L, -1578622723L, 442946467L, -1305509024L, 
1204620836L, 618848663L, 1737271341L, -324589546L, 1821156184L, 
560048641L, 1708659650L, 1769344597L, 494440446L, 1352561547L, 
-1752421838L, -146528210L, 1428658369L, -1967777807L, -120521L, 
1158042142L, -619109790L, -313646933L, -1360351811L, 639433900L, 
-633819607L, 1176608893L, 732158819L, 1730485631L, -2077876249L, 
329250212L, 1741220755L, -963366305L, 1150270457L, -204589796L, 
329581384L, -18873806L, -1774971328L, -1580668450L, 841805736L, 
1299212513L, 616394314L, 1500985869L, -572049159L, 1461478742L, 
-776164945L, 2054225228L, -1307392839L, 1915097214L, -1658364720L, 
-800617351L, 864987776L, 1106541789L, 140684037L, 1536873766L, 
210364805L, 38074649L, -717538269L, 1959026901L, -2068654042L, 
-405130532L, 1877828769L, -645557256L, -4077755L, -2124667384L, 
1759341525L, 883660358L, 447425933L, 1005799778L, -378410361L, 
1268305164L, 429862534L, 811223201L, 1812901347L, 1621135282L, 
1420024801L, 1536450636L, 207490431L, 2076735119L, 1412973508L, 
293171456L, 225428054L, -300606948L, 924117273L, 863945918L, 
-46135990L, -2090160746L, 227532940L, -672711211L, 1813125475L, 
-942637248L, 179075293L, -1914327386L, 783722567L, 191072597L, 
2015461391L, 1927193564L, -1872406230L, 309352946L, -1842049467L, 
-2087424692L, -926659811L, 1742092483L, -426720014L, 965540317L, 
-1974636234L, -1290062806L, -1507499018L, 1852755925L, 1612557025L, 
750828624L, 842204154L, -881680578L, 1222234762L, -900010745L, 
-295175907L, 1634112498L, -1375301801L, -1932313025L, 106665158L, 
11617216L, -416070571L, -1354870842L, 691647023L, 1448986347L, 
-1357257587L, 694943242L, -1798875908L, -984765624L, 1847016757L, 
-738199078L, -155494247L, 1827573975L, 916955772L, -1073438965L, 
1067901454L, -1950501518L, -1455556272L, -1133605643L, -1525551185L, 
-685306324L, 371583597L, 1780654948L, -1465609980L, 541859416L, 
-368570665L, 1453587255L, 464219057L, 1405903543L, 1060761709L, 
-613247034L, 104158282L, -305945911L, -2123893607L, 737114076L, 
-435734253L, -1312504065L, 979153970L, 478616757L, 1110178225L, 
-1573948548L, 2105011003L, 459362365L, -1987585788L, -1544342439L, 
-2079759039L, 1415069532L, -1492256968L, -2132504582L, 1985932344L, 
1860200988L, 2023418906L, 5445294L, -1399644853L, -158691902L, 
1724514185L, 1333822076L, 733424440L, 1133745092L, -1981970195L, 
-321268365L, -1599190103L, -1109663129L, -1551172410L, 67552748L, 
-488521623L, 1889374686L, -2002150339L, 1500641192L, 703960050L, 
-1622169050L, 1351385842L, 2001399165L, 830749030L, 686286412L, 
-672370971L, 685620149L, -1556460402L, -1488833359L, -821083278L, 
-192434181L, 137511433L, 605449986L, -792495365L, -221854913L, 
154385387L, -303756053L, 1835439115L, 1232479970L, -997220799L, 
-800570715L, 1642173394L, -2100810874L, -1366911999L, 1256207027L, 
-391545066L, 1767330050L, 893039284L, -922896599L, -1866374273L, 
-754015118L, 2048598286L, 1541804225L, -278690948L, 184948474L, 
631095444L, 651951674L, -582962535L, -30166538L, 100858852L, 
35500123L, 1108390080L, 2127646746L, -705793044L, 690898101L, 
-360166627L, 97986731L, -1268828336L, -222568639L, 1375421055L, 
158316644L, -901617971L, 410631773L, -1680135171L, -1075301679L, 
92174879L, -296222599L, -226096583L, -1349850364L, -353501350L, 
769769563L, -1124412299L, 1240399228L, 2001687793L, 332834530L, 
-1687075377L, 1298312320L, -1210100930L, -293637331L, 1657098768L, 
-356745464L, 2084432051L, 1698644346L, 340081329L, -1714992525L, 
-1028357813L, -1360772564L, -586060475L, 1844550010L, -1839928125L, 
-2016907698L, -1615974888L, -1851614918L, -476855166L, 1278795861L, 
1973618918L, 1670015733L, 389707122L, -1658549922L, 1463261199L, 
118045493L, -630516302L, 1680152744L, 547278011L, -91616249L, 
-1091099429L, -1000722000L, -305316779L, -1236966305L, 601920496L, 
1210851796L, -654617943L, -1567075166L, 1654003111L, 749510948L, 
-995708280L, 1599414180L, 668827098L, 444129066L, -254777278L, 
-1031708663L, 1868023873L, -1637502925L, 15106871L, -1146691115L, 
1738612149L, 1797549520L, 603131076L, -1541266129L, 1524413725L, 
-409712240L, 1317270928L, -32574934L, 547649237L, -149513705L, 
1799583861L, -1241628381L, -2024807291L, -225482506L, 880501042L, 
1647056541L, -1663488927L, -1418283911L, 1315373198L, -1061229874L, 
655733870L, -676647556L, 1827467055L, -1547893444L, 233024775L, 
-891654608L, -1052267041L, 1144391254L, 926795962L, 1831493527L, 
1964786524L, 1054172162L, -76518172L, -2042760209L, -212541463L, 
930648875L, -1979965114L, 1789501437L, -36078914L, -863585726L, 
1086442407L, -177677420L, 160764204L, 1541156649L, 1306106933L, 
-1978915555L, 1119670896L, 1185952788L, -330302359L, 1837388758L, 
1875042024L, -2032392606L, 817997285L, 1319921551L, -623709584L, 
2070271312L, 1444672636L, -1114838707L, -1788897465L, -396726206L, 
-1407272312L, -1775097380L, 1605611292L, -1207514907L, -690849185L, 
-1503150771L, 868602373L, -2077443778L, -462985469L, -2053597205L, 
1173580420L, -2028905086L, -1688553176L, -888089721L, 1666310425L, 
-2072656091L, -393059901L, -464484545L, 78969669L, -753892541L, 
-985002268L, 313963710L, 1594514513L, -997021246L, -993931739L, 
946491872L, -1772323650L, -1377097907L, -852839124L, 744638399L, 
-30234737L, -556418149L, 348123844L, 2011984791L, -349333318L, 
-1351819753L, -1435621074L, 298826517L, -735049391L, -1276464050L, 
1733162835L, -2067475425L, 760573579L, 1177003904L, -1777793037L, 
1089618105L, 258138372L, -1141425170L, -666478588L, -1588345440L, 
-748028962L, -2139009808L, -1482444785L, 756663086L, 323035094L, 
35338340L, -676075608L, -1202355539L, 963042368L, 617122970L, 
1036318395L, -2116431169L, 581148743L, 171805523L, -1137305899L, 
-459322913L, 2103814007L, 1196210007L, 992003681L, 1782944063L, 
-1258645718L, -1219144661L, 931305753L, -805883547L, 1666658947L, 
2020849934L, 524351389L, 385193801L, 1572985523L, -1713645765L, 
683864215L, -369740483L, 1890335586L, 179741092L, -565269882L, 
346744235L, -825373071L, 1708393431L, -1015912034L, -414317283L, 
-1918920685L, 2034289610L, 1319022478L, 2093587111L, 1764160588L, 
268610448L, -930370148L, -677532491L, -1885390578L, -379795277L, 
-1789613217L, -1486008281L, 1020762027L, -1084716729L, 1594566452L, 
-89795835L, 1970218274L, 1357139427L, -880858325L, 1154111954L, 
407142787L, 1933790872L, 389311072L, 379269108L, 1929326959L, 
-1003611733L, 1422019263L, -1501131951L, -83091359L, 2096677151L, 
2071982899L, -1520490938L, 2065400962L, -804610884L, -532096218L, 
-1561471299L, 488165713L, 1646195877L, -934392687L, -209492827L, 
727211142L, -740323190L, -2040357281L, 1480864896L, 939130078L, 
-945514011L, 869728815L, -299917196L, 1170863964L, 487747671L, 
1046303740L, 826104599L, 486115914L, 879608233L, -1794747599L, 
-993162526L, -1666445813L, 428606404L, 1150103296L, -977201935L, 
-1950681500L, -691906520L, -147013809L, 307601125L, -1482583356L, 
-1989841543L, 908084895L, 1044657341L, 2064212102L, -750118413L, 
1557043581L, 354472136L, -138564469L, -177807772L, -832289078L, 
